 Joints:    -2.917686    -2.917686    -2.917686    -2.917686    -2.917686    -2.917686    -2.917686
 Target:    -1.312505    0.4923945     3.127753
 Joints:    -2.576694    -2.576694    -2.576694    -2.576694    -2.576694    -2.576694    -2.576694
 Target:    -1.237564    0.4923945     3.166377
 Joints:    -2.468565    -2.468565    -2.468565    -2.468565    -2.468565    -2.468565    -2.468565
 Target:    -1.161322    0.4923945     3.202473
 Joints:    -2.468565    -2.468565    -2.468565    -2.468565    -2.468565    -2.468565    -2.468565
 Target:     -1.08444    0.4923945     3.235696
 Joints:    -2.468565    -2.468565    -2.468565    -2.468565    -2.468565    -2.468565    -2.468565
 Target:    -0.992487    0.4923945     3.272506
 Joints:      -2.9668      -2.9668      -2.9668      -2.9668      -2.9668      -2.9668      -2.9668
 Target:   -0.9131469    0.4923945     3.299101
 Joints:    -2.765321    -2.765321    -2.765321    -2.765321    -2.765321    -2.765321    -2.765321
 Target:   -0.8334612    0.4923945     3.323802
 Joints:    -2.765321    -2.765321    -2.765321    -2.765321    -2.765321    -2.765321    -2.765321
 Target:    -0.753151    0.4923945     3.345751
 Joints:    -2.765321    -2.765321    -2.765321    -2.765321    -2.765321    -2.765321    -2.765321
 Target:   -0.6723089    0.4923945     3.364932
 Joints:      -2.9668      -2.9668      -2.9668      -2.9668      -2.9668      -2.9668      -2.9668
 Target:   -0.5910298    0.4923945     3.381335
 Joints:      -2.9668      -2.9668      -2.9668      -2.9668      -2.9668      -2.9668      -2.9668
 Target:   -0.5094115    0.4923945     3.394952
 Joints:      -2.9668      -2.9668      -2.9668      -2.9668      -2.9668      -2.9668      -2.9668
 Target:   -0.4275455    0.4923945     3.405779
 Joints:      -2.9668      -2.9668      -2.9668      -2.9668      -2.9668      -2.9668      -2.9668
 Target:    -0.345534    0.4923945     3.413813
 Joints:      -2.9668      -2.9668      -2.9668      -2.9668      -2.9668      -2.9668      -2.9668
 Target:   -0.2634616    0.4923945      3.41906
 Joints:      -2.9668      -2.9668      -2.9668      -2.9668      -2.9668      -2.9668      -2.9668
 Target:   -0.1807681    0.4923945     3.421572
 Joints:      -2.9668      -2.9668      -2.9668      -2.9668      -2.9668      -2.9668      -2.9668
 Target:  -0.09953452    0.4923945     3.421169
 Joints:      -2.9668      -2.9668      -2.9668      -2.9668      -2.9668      -2.9668      -2.9668
 Target:   -0.0178619    0.4923945     3.418134
 Joints:      -2.9668      -2.9668      -2.9668      -2.9668      -2.9668      -2.9668      -2.9668
 Target:   0.06348402    0.4923945      3.41231
 Joints:      -2.9668      -2.9668      -2.9668      -2.9668      -2.9668      -2.9668      -2.9668
 Target:    0.1448965    0.4923945     3.403728
 Joints:      -2.9668      -2.9668      -2.9668      -2.9668      -2.9668      -2.9668      -2.9668
 Target:    0.2248486    0.4923945     3.392464
 Joints:    -2.954144    -2.954144    -2.954144    -2.954144    -2.954144    -2.954144    -2.954144
 Target:    0.3046932    0.4923945     3.378545
 Joints:    -2.954144    -2.954144    -2.954144    -2.954144    -2.954144    -2.954144    -2.954144
 Target:    0.3838409    0.4923945     3.361941
 Joints:    -2.954144    -2.954144    -2.954144    -2.954144    -2.954144    -2.954144    -2.954144
 Target:     0.462228    0.4923945     3.342707
 Joints:    -2.954144    -2.954144    -2.954144    -2.954144    -2.954144    -2.954144    -2.954144
 Target:    0.5400282    0.4923945     3.320816
 Joints:      -2.9668      -2.9668      -2.9668      -2.9668      -2.9668      -2.9668      -2.9668
 Target:    0.6174985    0.4923945     3.296163
 Joints:      -2.9668      -2.9668      -2.9668      -2.9668      -2.9668      -2.9668      -2.9668
 Target:    0.6918558    0.4923945     3.269518
 Joints:      -2.9668      -2.9668      -2.9668      -2.9668      -2.9668      -2.9668      -2.9668
 Target:     0.766961    0.4923945     3.239989
 Joints:      -2.9668      -2.9668      -2.9668      -2.9668      -2.9668      -2.9668      -2.9668
 Target:    0.8395468    0.4923945     3.208354
 Joints:      -2.9668      -2.9668      -2.9668      -2.9668      -2.9668      -2.9668      -2.9668
 Target:    0.9115409    0.4923945     3.174191
 Joints:      -2.9668      -2.9668      -2.9668      -2.9668      -2.9668      -2.9668      -2.9668
 Target:    0.9983031    0.4923945     3.130163
 Joints:      -2.9668      -2.9668      -2.9668      -2.9668      -2.9668      -2.9668      -2.9668
 Target:     1.066694    0.4923945     3.089805
 Joints:      -2.9668      -2.9668      -2.9668      -2.9668      -2.9668      -2.9668      -2.9668
 Target:      1.13405    0.4923945     3.048257
 Joints:      -2.9668      -2.9668      -2.9668      -2.9668      -2.9668      -2.9668      -2.9668
 Target:     1.200004    0.4923945     3.004438
 Joints:      -2.9668      -2.9668      -2.9668      -2.9668      -2.9668      -2.9668      -2.9668
 Target:     1.263929    0.4923945     2.958726
 Joints:      -2.9668      -2.9668      -2.9668      -2.9668      -2.9668      -2.9668      -2.9668
 Target:     1.326328    0.4923945     2.910891
 Joints:   -0.9465439   -0.9465439   -0.9465439   -0.9465439   -0.9465439   -0.9465439   -0.9465439
 Target:     1.386938    0.4923945     2.861065
 Joints:   -0.9465439   -0.9465439   -0.9465439   -0.9465439   -0.9465439   -0.9465439   -0.9465439
 Target:     1.445697    0.4923945     2.809331
 Joints:   -0.9465439   -0.9465439   -0.9465439   -0.9465439   -0.9465439   -0.9465439   -0.9465439
 Target:      1.50255    0.4923945     2.755755
 Joints:   -0.5960121   -0.5960121   -0.5960121   -0.5960121   -0.5960121   -0.5960121   -0.5960121
 Target:     1.557437    0.4923945     2.700408
 Joints:   -0.5960121   -0.5960121   -0.5960121   -0.5960121   -0.5960121   -0.5960121   -0.5960121
 Target:     1.610304    0.4923945     2.643359
 Joints:   -0.5960121   -0.5960121   -0.5960121   -0.5960121   -0.5960121   -0.5960121   -0.5960121
 Target:     1.661101    0.4923945     2.584683
 Joints:   -0.5960121   -0.5960121   -0.5960121   -0.5960121   -0.5960121   -0.5960121   -0.5960121
 Target:     1.709776    0.4923945     2.524454
 Joints:   -0.6136705   -0.6136705   -0.6136705   -0.6136705   -0.6136705   -0.6136705   -0.6136705
 Target:     1.756315    0.4923945      2.46271
 Joints:   -0.7753556   -0.7753556   -0.7753556   -0.7753556   -0.7753556   -0.7753556   -0.7753556
 Target:      1.80104    0.4923945     2.399043
 Joints:   -0.7753556   -0.7753556   -0.7753556   -0.7753556   -0.7753556   -0.7753556   -0.7753556
 Target:      1.84258    0.4923945     2.335186
 Joints:   -0.7753556   -0.7753556   -0.7753556   -0.7753556   -0.7753556   -0.7753556   -0.7753556
 Target:     1.882599    0.4923945     2.269208
 Joints:   -0.9501045   -0.9501045   -0.9501045   -0.9501045   -0.9501045   -0.9501045   -0.9501045
 Target:     1.919768    0.4923945      2.20271
 Joints:   -0.9501045   -0.9501045   -0.9501045   -0.9501045   -0.9501045   -0.9501045   -0.9501045
 Target:     1.954851    0.4923945     2.134823
 Joints:    -1.147123    -1.147123    -1.147123    -1.147123    -1.147123    -1.147123    -1.147123
 Target:     1.987521    0.4923945     2.065927
 Joints:    -1.147123    -1.147123    -1.147123    -1.147123    -1.147123    -1.147123    -1.147123
 Target:     2.017773    0.4923945     1.996121
 Joints:    -1.147123    -1.147123    -1.147123    -1.147123    -1.147123    -1.147123    -1.147123
 Target:     2.045584    0.4923945     1.925489
 Joints:    -1.147123    -1.147123    -1.147123    -1.147123    -1.147123    -1.147123    -1.147123
 Target:     2.070931    0.4923945     1.854117
 Joints:    -1.147123    -1.147123    -1.147123    -1.147123    -1.147123    -1.147123    -1.147123
 Target:     2.093797    0.4923945     1.782089
 Joints:    -1.147123    -1.147123    -1.147123    -1.147123    -1.147123    -1.147123    -1.147123
 Target:     2.114166    0.4923945     1.709493
 Joints:    -1.147123    -1.147123    -1.147123    -1.147123    -1.147123    -1.147123    -1.147123
 Target:     2.132475    0.4923945     1.634909
 Joints:    -1.147123    -1.147123    -1.147123    -1.147123    -1.147123    -1.147123    -1.147123
 Target:     2.147269    0.4923945     1.562904
 Joints:    -1.147123    -1.147123    -1.147123    -1.147123    -1.147123    -1.147123    -1.147123
 Target:     2.160186    0.4923945     1.489153
 Joints:    -1.229053    -1.229053    -1.229053    -1.229053    -1.229053    -1.229053    -1.229053
 Target:     2.170477    0.4923945      1.41514
 Joints:    -1.229053    -1.229053    -1.229053    -1.229053    -1.229053    -1.229053    -1.229053
 Target:     2.178236    0.4923945        1.341
 Joints:    -1.470667    -1.470667    -1.470667    -1.470667    -1.470667    -1.470667    -1.470667
 Target:     2.183471    0.4923945     1.266805
 Joints:    -1.470667    -1.470667    -1.470667    -1.470667    -1.470667    -1.470667    -1.470667
 Target:     2.186186    0.4923945      1.19264
 Joints:    -1.470667    -1.470667    -1.470667    -1.470667    -1.470667    -1.470667    -1.470667
 Target:     2.186441    0.4923945     1.117617
 Joints:    -1.470667    -1.470667    -1.470667    -1.470667    -1.470667    -1.470667    -1.470667
 Target:     2.184021    0.4923945     1.044766
 Joints:    -1.470667    -1.470667    -1.470667    -1.470667    -1.470667    -1.470667    -1.470667
 Target:     2.179296    0.4923945     0.970722
 Joints:    -1.470667    -1.470667    -1.470667    -1.470667    -1.470667    -1.470667    -1.470667
 Target:     2.172012    0.4923945    0.8980462
 Joints:    -1.470667    -1.470667    -1.470667    -1.470667    -1.470667    -1.470667    -1.470667
 Target:     2.162337    0.4923945    0.8252976
 Joints:    -1.470667    -1.470667    -1.470667    -1.470667    -1.470667    -1.470667    -1.470667
 Target:     2.150121    0.4923945      0.75244
 Joints:    -1.583366    -1.583366    -1.583366    -1.583366    -1.583366    -1.583366    -1.583366
 Target:      2.13562    0.4923945    0.6816061
 Joints:    -1.583366    -1.583366    -1.583366    -1.583366    -1.583366    -1.583366    -1.583366
 Target:     2.118757    0.4923945    0.6107365
 Joints:    -1.583366    -1.583366    -1.583366    -1.583366    -1.583366    -1.583366    -1.583366
 Target:     2.099496    0.4923945    0.5406274
 Joints:    -1.583366    -1.583366    -1.583366    -1.583366    -1.583366    -1.583366    -1.583366
 Target:     2.077933    0.4923945     0.471427
 Joints:    -1.749655    -1.749655    -1.749655    -1.749655    -1.749655    -1.749655    -1.749655
 Target:     2.053761    0.4923945    0.4019858
 Joints:    -1.668419    -1.668419    -1.668419    -1.668419    -1.668419    -1.668419    -1.668419
 Target:     2.027934    0.4923945     0.335858
 Joints:    -1.668419    -1.668419    -1.668419    -1.668419    -1.668419    -1.668419    -1.668419
 Target:     1.999737    0.4923945     0.269618
 Joints:    -2.027736    -2.027736    -2.027736    -2.027736    -2.027736    -2.027736    -2.027736
 Target:     1.969307    0.4923945    0.2045493
 Joints:    -2.027736    -2.027736    -2.027736    -2.027736    -2.027736    -2.027736    -2.027736
 Target:     1.936767    0.4923945    0.1406997
 Joints:    -2.027736    -2.027736    -2.027736    -2.027736    -2.027736    -2.027736    -2.027736
 Target:     1.902169    0.4923945   0.07814272
 Joints:    -2.188007    -2.188007    -2.188007    -2.188007    -2.188007    -2.188007    -2.188007
 Target:     1.865558    0.4923945   0.01693332
 Joints:    -2.188007    -2.188007    -2.188007    -2.188007    -2.188007    -2.188007    -2.188007
 Target:      1.82698    0.4923945  -0.04287044
 Joints:    -2.188007    -2.188007    -2.188007    -2.188007    -2.188007    -2.188007    -2.188007
 Target:     1.786477    0.4923945   -0.1012204
 Joints:    -2.188007    -2.188007    -2.188007    -2.188007    -2.188007    -2.188007    -2.188007
 Target:      1.74418    0.4923945   -0.1579371
 Joints:    -2.188007    -2.188007    -2.188007    -2.188007    -2.188007    -2.188007    -2.188007
 Target:     1.700067    0.4923945   -0.2131089
 Joints:    -2.188007    -2.188007    -2.188007    -2.188007    -2.188007    -2.188007    -2.188007
 Target:     1.654216    0.4923945   -0.2666269
 Joints:    -2.188007    -2.188007    -2.188007    -2.188007    -2.188007    -2.188007    -2.188007
 Target:     1.605814    0.4923945   -0.3195069
 Joints:    -2.188007    -2.188007    -2.188007    -2.188007    -2.188007    -2.188007    -2.188007
 Target:     1.557279    0.4923945   -0.3686551
 Joints:     -2.11182     -2.11182     -2.11182     -2.11182     -2.11182     -2.11182     -2.11182
 Target:     1.505818    0.4923945    -0.417826
 Joints:    -2.283775    -2.283775    -2.283775    -2.283775    -2.283775    -2.283775    -2.283775
 Target:     1.453568    0.4923945   -0.4641075
 Joints:    -2.283775    -2.283775    -2.283775    -2.283775    -2.283775    -2.283775    -2.283775
 Target:     1.399431    0.4923945     -0.50905
 Joints:    -2.283775    -2.283775    -2.283775    -2.283775    -2.283775    -2.283775    -2.283775
 Target:     1.345009    0.4923945   -0.5509956
 Joints:    -2.476894    -2.476894    -2.476894    -2.476894    -2.476894    -2.476894    -2.476894
 Target:     1.288668    0.4923945    -0.591686
 Joints:    -2.476894    -2.476894    -2.476894    -2.476894    -2.476894    -2.476894    -2.476894
 Target:     1.231432    0.4923945   -0.6300181
 Joints:    -2.476894    -2.476894    -2.476894    -2.476894    -2.476894    -2.476894    -2.476894
 Target:     1.172913    0.4923945   -0.6664629
 Joints:    -2.626269    -2.626269    -2.626269    -2.626269    -2.626269    -2.626269    -2.626269
 Target:     1.113333    0.4923945   -0.7008048
 Joints:    -2.626269    -2.626269    -2.626269    -2.626269    -2.626269    -2.626269    -2.626269
 Target:     1.052774    0.4923945   -0.7330292
 Joints:    -2.626269    -2.626269    -2.626269    -2.626269    -2.626269    -2.626269    -2.626269
 Target:     0.989554    0.4923945   -0.7640952
 Joints:    -2.626269    -2.626269    -2.626269    -2.626269    -2.626269    -2.626269    -2.626269
 Target:    0.9269635    0.4923945   -0.7919157
 Joints:    -2.626269    -2.626269    -2.626269    -2.626269    -2.626269    -2.626269    -2.626269
 Target:    0.8640885    0.4923945   -0.8174532
 Joints:    -2.626269    -2.626269    -2.626269    -2.626269    -2.626269    -2.626269    -2.626269
 Target:    0.7971017    0.4923945   -0.8423252
 Joints:    -2.626269    -2.626269    -2.626269    -2.626269    -2.626269    -2.626269    -2.626269
 Target:     0.735921    0.4923945   -0.8618872
 Joints:      -2.9668      -2.9668      -2.9668      -2.9668      -2.9668      -2.9668      -2.9668
 Target:     0.671115    0.4923945   -0.8811306
 Joints:      -2.9668      -2.9668      -2.9668      -2.9668      -2.9668      -2.9668      -2.9668
 Target:    0.6058299    0.4923945   -0.8978506
 Joints:      -2.9668      -2.9668      -2.9668      -2.9668      -2.9668      -2.9668      -2.9668
 Target:    0.5402068    0.4923945   -0.9123109
 Joints:      -2.9668      -2.9668      -2.9668      -2.9668      -2.9668      -2.9668      -2.9668
 Target:    0.4742624    0.4923945   -0.9245207
 Joints:      -2.9668      -2.9668      -2.9668      -2.9668      -2.9668      -2.9668      -2.9668
 Target:    0.4081111    0.4923945   -0.9344606
 Joints:      -2.9668      -2.9668      -2.9668      -2.9668      -2.9668      -2.9668      -2.9668
 Target:    0.3418224    0.4923945   -0.9421353
 Joints:      -2.9668      -2.9668      -2.9668      -2.9668      -2.9668      -2.9668      -2.9668
 Target:    0.2754884    0.4923945   -0.9475437
 Joints:      -2.9668      -2.9668      -2.9668      -2.9668      -2.9668      -2.9668      -2.9668
 Target:    0.2091751    0.4923945   -0.9506941
 Joints:      -2.9668      -2.9668      -2.9668      -2.9668      -2.9668      -2.9668      -2.9668
 Target:    0.1429667    0.4923945   -0.9515927
 Joints:      -2.9668      -2.9668      -2.9668      -2.9668      -2.9668      -2.9668      -2.9668
 Target:   0.07693198    0.4923945   -0.9502509
 Joints:      -2.9668      -2.9668      -2.9668      -2.9668      -2.9668      -2.9668      -2.9668
 Target:   0.01115207    0.4923945    -0.946681
 Joints:      -2.9668      -2.9668      -2.9668      -2.9668      -2.9668      -2.9668      -2.9668
 Target:   -0.0542962    0.4923945    -0.940899
 Joints:      -2.9668      -2.9668      -2.9668      -2.9668      -2.9668      -2.9668      -2.9668
 Target:   -0.1193516    0.4923945   -0.9329224
 Joints:      -2.9668      -2.9668      -2.9668      -2.9668      -2.9668      -2.9668      -2.9668
 Target:   -0.1839241    0.4923945   -0.9227718
 Joints:      -2.9668      -2.9668      -2.9668      -2.9668      -2.9668      -2.9668      -2.9668
 Target:   -0.2483478    0.4923945   -0.9104193
 Joints:      -2.9668      -2.9668      -2.9668      -2.9668      -2.9668      -2.9668      -2.9668
 Target:   -0.3113545    0.4923945   -0.8960136
 Joints:      -2.9668      -2.9668      -2.9668      -2.9668      -2.9668      -2.9668      -2.9668
 Target:   -0.3740771    0.4923945   -0.8795199
 Joints:      -2.9668      -2.9668      -2.9668      -2.9668      -2.9668      -2.9668      -2.9668
 Target:   -0.4360393    0.4923945   -0.8609274
 Joints:      -2.9668      -2.9668      -2.9668      -2.9668      -2.9668      -2.9668      -2.9668
 Target:   -0.4971695    0.4923945   -0.8403005
 Joints:      -2.9668      -2.9668      -2.9668      -2.9668      -2.9668      -2.9668      -2.9668
 Target:   -0.5574116    0.4923945   -0.8176717
 Joints:      -2.9668      -2.9668      -2.9668      -2.9668      -2.9668      -2.9668      -2.9668
 Target:   -0.6166882    0.4923945   -0.7930807
 Joints:      -2.9668      -2.9668      -2.9668      -2.9668      -2.9668      -2.9668      -2.9668
 Target:   -0.6749461    0.4923945   -0.7665638
 Joints:      -2.9668      -2.9668      -2.9668      -2.9668      -2.9668      -2.9668      -2.9668
 Target:   -0.7324475    0.4923945   -0.7380242
 Joints:      -2.9668      -2.9668      -2.9668      -2.9668      -2.9668      -2.9668      -2.9668
 Target:    -0.788458    0.4923945   -0.7077452
 Joints:      -2.9668      -2.9668      -2.9668      -2.9668      -2.9668      -2.9668      -2.9668
 Target:   -0.8434764    0.4923945   -0.6755945
 Joints:      -2.9668      -2.9668      -2.9668      -2.9668      -2.9668      -2.9668      -2.9668
 Target:   -0.8968217    0.4923945   -0.6418814
 Joints:      -2.9668      -2.9668      -2.9668      -2.9668      -2.9668      -2.9668      -2.9668
 Target:   -0.9490697    0.4923945   -0.6063964
 Joints:      -2.9668      -2.9668      -2.9668      -2.9668      -2.9668      -2.9668      -2.9668
 Target:   -0.9999369    0.4923945   -0.5692459
 Joints:    -2.965486    -2.965486    -2.965486    -2.965486    -2.965486    -2.965486    -2.965486
 Target:    -1.049381    0.4923945   -0.5304965
 Joints:    -2.965486    -2.965486    -2.965486    -2.965486    -2.965486    -2.965486    -2.965486
 Target:    -1.097356    0.4923945   -0.4901998
 Joints:    -2.965486    -2.965486    -2.965486    -2.965486    -2.965486    -2.965486    -2.965486
 Target:    -1.144305    0.4923945    -0.448022
 Joints:    -2.965486    -2.965486    -2.965486    -2.965486    -2.965486    -2.965486    -2.965486
 Target:    -1.188659    0.4923945   -0.4051583
 Joints:      -2.9668      -2.9668      -2.9668      -2.9668      -2.9668      -2.9668      -2.9668
 Target:     -1.23215    0.4923945   -0.3604395
 Joints:     -0.12887     -0.12887     -0.12887     -0.12887     -0.12887     -0.12887     -0.12887
 Target:    -1.274338    0.4923945   -0.3139434
 Joints:     -0.12887     -0.12887     -0.12887     -0.12887     -0.12887     -0.12887     -0.12887
 Target:     -1.31347    0.4923945   -0.2674617
 Joints:   -0.2047846   -0.2047846   -0.2047846   -0.2047846   -0.2047846   -0.2047846   -0.2047846
 Target:    -1.351733    0.4923945   -0.2191663
 Joints:   -0.4579893   -0.4579893   -0.4579893   -0.4579893   -0.4579893   -0.4579893   -0.4579893
 Target:     -1.38899    0.4923945   -0.1687099
 Joints:   -0.4579893   -0.4579893   -0.4579893   -0.4579893   -0.4579893   -0.4579893   -0.4579893
 Target:    -1.422744    0.4923945   -0.1190491
 Joints:   -0.6620919   -0.6620919   -0.6620919   -0.6620919   -0.6620919   -0.6620919   -0.6620919
 Target:    -1.455649    0.4923945  -0.06754851
 Joints:   -0.6620919   -0.6620919   -0.6620919   -0.6620919   -0.6620919   -0.6620919   -0.6620919
 Target:    -1.486612    0.4923945  -0.01505294
 Joints:   -0.6620919   -0.6620919   -0.6620919   -0.6620919   -0.6620919   -0.6620919   -0.6620919
 Target:    -1.515952    0.4923945   0.03871666
 Joints:   -0.8258435   -0.8258435   -0.8258435   -0.8258435   -0.8258435   -0.8258435   -0.8258435
 Target:     -1.54285    0.4923945   0.09251428
 Joints:   -0.8258435   -0.8258435   -0.8258435   -0.8258435   -0.8258435   -0.8258435   -0.8258435
 Target:    -1.568144    0.4923945    0.1474093
 Joints:    -0.888746    -0.888746    -0.888746    -0.888746    -0.888746    -0.888746    -0.888746
 Target:    -1.591458    0.4923945    0.2029889
 Joints:    -0.888746    -0.888746    -0.888746    -0.888746    -0.888746    -0.888746    -0.888746
 Target:    -1.613433    0.4923945    0.2605193
 Joints:    -0.888746    -0.888746    -0.888746    -0.888746    -0.888746    -0.888746    -0.888746
 Target:     -1.63208    0.4923945    0.3159285
 Joints:   -0.9103888   -0.9103888   -0.9103888   -0.9103888   -0.9103888   -0.9103888   -0.9103888
 Target:    -1.649982    0.4923945    0.3740798
 Joints:   -0.9103888   -0.9103888   -0.9103888   -0.9103888   -0.9103888   -0.9103888   -0.9103888
 Target:    -1.665448    0.4923945    0.4322348
 Joints:    -1.153555    -1.153555    -1.153555    -1.153555    -1.153555    -1.153555    -1.153555
 Target:    -1.678264    0.4923945    0.4885643
 Joints:    -1.223336    -1.223336    -1.223336    -1.223336    -1.223336    -1.223336    -1.223336
 Target:    -1.689798    0.4923945    0.5466712
 Joints:    -1.262145    -1.262145    -1.262145    -1.262145    -1.262145    -1.262145    -1.262145
 Target:     -1.69919    0.4923945      0.60501
 Joints:    -1.338771    -1.338771    -1.338771    -1.338771    -1.338771    -1.338771    -1.338771
 Target:    -1.706572    0.4923945     0.663456
 Joints:    -1.338771    -1.338771    -1.338771    -1.338771    -1.338771    -1.338771    -1.338771
 Target:    -1.711956    0.4923945    0.7219678
 Joints:     -1.35247     -1.35247     -1.35247     -1.35247     -1.35247     -1.35247     -1.35247
 Target:    -1.715334    0.4923945    0.7804331
 Joints:     -1.44891     -1.44891     -1.44891     -1.44891     -1.44891     -1.44891     -1.44891
 Target:    -1.716727    0.4923945    0.8388243
 Joints:    -1.425011    -1.425011    -1.425011    -1.425011    -1.425011    -1.425011    -1.425011
 Target:    -1.716145    0.4923945    0.8971955
 Joints:    -1.504431    -1.504431    -1.504431    -1.504431    -1.504431    -1.504431    -1.504431
 Target:    -1.713633    0.4923945    0.9577129
 Joints:    -1.538373    -1.538373    -1.538373    -1.538373    -1.538373    -1.538373    -1.538373
 Target:    -1.708833    0.4923945     1.012789
 Joints:    -1.656833    -1.656833    -1.656833    -1.656833    -1.656833    -1.656833    -1.656833
 Target:     -1.70261    0.4923945     1.070211
 Joints:    -1.633946    -1.633946    -1.633946    -1.633946    -1.633946    -1.633946    -1.633946
 Target:    -1.694237    0.4923945     1.127103
 Joints:    -1.633946    -1.633946    -1.633946    -1.633946    -1.633946    -1.633946    -1.633946
 Target:    -1.683972    0.4923945     1.183565
 Joints:    -1.610844    -1.610844    -1.610844    -1.610844    -1.610844    -1.610844    -1.610844
 Target:    -1.671712    0.4923945     1.240287
 Joints:    -1.651649    -1.651649    -1.651649    -1.651649    -1.651649    -1.651649    -1.651649
 Target:    -1.657762    0.4923945     1.294775
 Joints:    -1.636956    -1.636956    -1.636956    -1.636956    -1.636956    -1.636956    -1.636956
 Target:    -1.642016    0.4923945     1.349425
 Joints:    -1.673446    -1.673446    -1.673446    -1.673446    -1.673446    -1.673446    -1.673446
 Target:    -1.624405    0.4923945      1.40333
 Joints:    -1.706795    -1.706795    -1.706795    -1.706795    -1.706795    -1.706795    -1.706795
 Target:    -1.605019    0.4923945     1.456495
 Joints:    -1.716909    -1.716909    -1.716909    -1.716909    -1.716909    -1.716909    -1.716909
 Target:    -1.583926    0.4923945     1.508718
 Joints:    -1.775721    -1.775721    -1.775721    -1.775721    -1.775721    -1.775721    -1.775721
 Target:    -1.561133    0.4923945     1.560089
 Joints:    -1.774755    -1.774755    -1.774755    -1.774755    -1.774755    -1.774755    -1.774755
 Target:    -1.536679    0.4923945     1.610503
 Joints:    -1.824452    -1.824452    -1.824452    -1.824452    -1.824452    -1.824452    -1.824452
 Target:    -1.510604    0.4923945     1.659909
 Joints:     -1.89114     -1.89114     -1.89114     -1.89114     -1.89114     -1.89114     -1.89114
 Target:    -1.482951    0.4923945     1.708251
 Joints:    -1.918703    -1.918703    -1.918703    -1.918703    -1.918703    -1.918703    -1.918703
 Target:    -1.453763    0.4923945      1.75548
 Joints:    -1.964481    -1.964481    -1.964481    -1.964481    -1.964481    -1.964481    -1.964481
 Target:     -1.42308    0.4923945      1.80155
 Joints:    -2.035593    -2.035593    -2.035593    -2.035593    -2.035593    -2.035593    -2.035593
 Target:    -1.390949    0.4923945     1.846412
 Joints:    -2.079308    -2.079308    -2.079308    -2.079308    -2.079308    -2.079308    -2.079308
 Target:    -1.357414    0.4923945     1.890025
 Joints:     -2.10308     -2.10308     -2.10308     -2.10308     -2.10308     -2.10308     -2.10308
 Target:    -1.322523    0.4923945     1.932346
 Joints:    -2.078472    -2.078472    -2.078472    -2.078472    -2.078472    -2.078472    -2.078472
 Target:    -1.275615    0.4923945     1.987323
 Joints:    -2.132198    -2.132198    -2.132198    -2.132198    -2.132198    -2.132198    -2.132198
 Target:    -1.236471    0.4923945      2.02547
 Joints:    -2.175452    -2.175452    -2.175452    -2.175452    -2.175452    -2.175452    -2.175452
 Target:    -1.197216    0.4923945     2.063442
 Joints:    -2.196199    -2.196199    -2.196199    -2.196199    -2.196199    -2.196199    -2.196199
 Target:    -1.157251    0.4923945     2.099427
 Joints:     -2.20641     -2.20641     -2.20641     -2.20641     -2.20641     -2.20641     -2.20641
 Target:    -1.116027    0.4923945     2.134215
 Joints:    -2.247847    -2.247847    -2.247847    -2.247847    -2.247847    -2.247847    -2.247847
 Target:    -1.073312    0.4923945     2.167861
 Joints:     -2.31392     -2.31392     -2.31392     -2.31392     -2.31392     -2.31392     -2.31392
 Target:    -1.030483    0.4923945     2.199088
 Joints:    -2.313052    -2.313052    -2.313052    -2.313052    -2.313052    -2.313052    -2.313052
 Target:   -0.9863732    0.4923945     2.229226
 Joints:    -2.350346    -2.350346    -2.350346    -2.350346    -2.350346    -2.350346    -2.350346
 Target:   -0.9413685    0.4923945     2.257715
 Joints:    -2.367105    -2.367105    -2.367105    -2.367105    -2.367105    -2.367105    -2.367105
 Target:   -0.8955698    0.4923945      2.28457
 Joints:    -2.408759    -2.408759    -2.408759    -2.408759    -2.408759    -2.408759    -2.408759
 Target:   -0.8490314    0.4923945     2.309774
 Joints:    -2.476921    -2.476921    -2.476921    -2.476921    -2.476921    -2.476921    -2.476921
 Target:   -0.8018158    0.4923945     2.333303
 Joints:    -2.433411    -2.433411    -2.433411    -2.433411    -2.433411    -2.433411    -2.433411
 Target:    -0.753934    0.4923945     2.355171
 Joints:    -2.446792    -2.446792    -2.446792    -2.446792    -2.446792    -2.446792    -2.446792
 Target:   -0.7055855    0.4923945     2.375276
 Joints:    -2.525845    -2.525845    -2.525845    -2.525845    -2.525845    -2.525845    -2.525845
 Target:   -0.6564127    0.4923945     2.393834
 Joints:    -2.572597    -2.572597    -2.572597    -2.572597    -2.572597    -2.572597    -2.572597
 Target:   -0.6073568    0.4923945     2.410363
 Joints:    -2.572597    -2.572597    -2.572597    -2.572597    -2.572597    -2.572597    -2.572597
 Target:   -0.5576625    0.4923945     2.425347
 Joints:    -2.597045    -2.597045    -2.597045    -2.597045    -2.597045    -2.597045    -2.597045
 Target:   -0.5074604    0.4923945     2.438624
 Joints:    -2.621463    -2.621463    -2.621463    -2.621463    -2.621463    -2.621463    -2.621463
 Target:    -0.457361    0.4923945     2.450007
 Joints:    -2.671334    -2.671334    -2.671334    -2.671334    -2.671334    -2.671334    -2.671334
 Target:   -0.4068945    0.4923945     2.459743
 Joints:    -2.715705    -2.715705    -2.715705    -2.715705    -2.715705    -2.715705    -2.715705
 Target:   -0.3562884    0.4923945     2.467711
 Joints:    -2.674598    -2.674598    -2.674598    -2.674598    -2.674598    -2.674598    -2.674598
 Target:   -0.3051941    0.4923945     2.474019
 Joints:    -2.703586    -2.703586    -2.703586    -2.703586    -2.703586    -2.703586    -2.703586
 Target:   -0.2545095    0.4923945     2.478439
 Joints:    -2.807501    -2.807501    -2.807501    -2.807501    -2.807501    -2.807501    -2.807501
 Target:   -0.2042674    0.4923945     2.481113
 Joints:    -2.867438    -2.867438    -2.867438    -2.867438    -2.867438    -2.867438    -2.867438
 Target:   -0.1537315    0.4923945     2.482167
 Joints:    -2.894917    -2.894917    -2.894917    -2.894917    -2.894917    -2.894917    -2.894917
 Target:   -0.1033558    0.4923945     2.481462
 Joints:      -2.9668      -2.9668      -2.9668      -2.9668      -2.9668      -2.9668      -2.9668
 Target:  -0.05320237    0.4923945     2.479052
 Joints:      -2.9668      -2.9668      -2.9668      -2.9668      -2.9668      -2.9668      -2.9668
 Target: -0.003328965    0.4923945      2.47495
 Joints:      -2.9668      -2.9668      -2.9668      -2.9668      -2.9668      -2.9668      -2.9668
 Target:   0.04642619    0.4923945     2.469166
 Joints:      -2.9668      -2.9668      -2.9668      -2.9668      -2.9668      -2.9668      -2.9668
 Target:   0.09535681    0.4923945     2.461715
 Joints:      -2.9668      -2.9668      -2.9668      -2.9668      -2.9668      -2.9668      -2.9668
 Target:    0.1442698    0.4923945     2.452643
 Joints:      -2.9668      -2.9668      -2.9668      -2.9668      -2.9668      -2.9668      -2.9668
 Target:    0.1922382    0.4923945     2.441954
 Joints:      -2.9668      -2.9668      -2.9668      -2.9668      -2.9668      -2.9668      -2.9668
 Target:    0.2399574    0.4923945     2.429683
 Joints:      -2.9668      -2.9668      -2.9668      -2.9668      -2.9668      -2.9668      -2.9668
 Target:    0.2870041    0.4923945     2.415821
 Joints:      -2.9668      -2.9668      -2.9668      -2.9668      -2.9668      -2.9668      -2.9668
 Target:    0.3345667    0.4923945     2.400143
 Joints:      -2.9668      -2.9668      -2.9668      -2.9668      -2.9668      -2.9668      -2.9668
 Target:    0.3789032    0.4923945     2.383428
 Joints:       2.9668       2.9668       2.9668       2.9668       2.9668       2.9668       2.9668
 Target:    0.4238365    0.4923945     2.365182
 Joints:     2.927876     2.927876     2.927876     2.927876     2.927876     2.927876     2.927876
 Target:    0.4679333    0.4923945     2.345352
 Joints:      2.91665      2.91665      2.91665      2.91665      2.91665      2.91665      2.91665
 Target:    0.5115885    0.4923945     2.323947
 Joints:     2.884959     2.884959     2.884959     2.884959     2.884959     2.884959     2.884959
 Target:    0.5542721    0.4923945      2.30111
 Joints:     2.847281     2.847281     2.847281     2.847281     2.847281     2.847281     2.847281
 Target:    0.5949477    0.4923945       2.2774
 Joints:     2.805185     2.805185     2.805185     2.805185     2.805185     2.805185     2.805185
 Target:    0.6353351    0.4923945     2.252226
 Joints:      2.77631      2.77631      2.77631      2.77631      2.77631      2.77631      2.77631
 Target:    0.6747288    0.4923945     2.225689
 Joints:     2.725623     2.725623     2.725623     2.725623     2.725623     2.725623     2.725623
 Target:    0.7133313    0.4923945     2.197753
 Joints:     2.719764     2.719764     2.719764     2.719764     2.719764     2.719764     2.719764
 Target:    0.7521384    0.4923945     2.167723
 Joints:      2.69158      2.69158      2.69158      2.69158      2.69158      2.69158      2.69158
 Target:      0.78623    0.4923945     2.138659
 Joints:      2.64908      2.64908      2.64908      2.64908      2.64908      2.64908      2.64908
 Target:     0.821282    0.4923945     2.107655
 Joints:     2.629426     2.629426     2.629426     2.629426     2.629426     2.629426     2.629426
 Target:    0.8549896    0.4923945     2.075398
 Joints:     2.594593     2.594593     2.594593     2.594593     2.594593     2.594593     2.594593
 Target:    0.8874599    0.4923945     2.042132
 Joints:     2.567301     2.567301     2.567301     2.567301     2.567301     2.567301     2.567301
 Target:    0.9186602    0.4923945     2.007906
 Joints:     2.530021     2.530021     2.530021     2.530021     2.530021     2.530021     2.530021
 Target:    0.9485912    0.4923945     1.972741
 Joints:     2.492281     2.492281     2.492281     2.492281     2.492281     2.492281     2.492281
 Target:     0.977154    0.4923945      1.93675
 Joints:     2.488532     2.488532     2.488532     2.488532     2.488532     2.488532     2.488532
 Target:     1.004402    0.4923945     1.899921
 Joints:     2.459829     2.459829     2.459829     2.459829     2.459829     2.459829     2.459829
 Target:      1.03027    0.4923945     1.862331
 Joints:      2.43025      2.43025      2.43025      2.43025      2.43025      2.43025      2.43025
 Target:     1.055145    0.4923945     1.823521
 Joints:     2.410669     2.410669     2.410669     2.410669     2.410669     2.410669     2.410669
 Target:     1.077777    0.4923945     1.784996
 Joints:     2.357932     2.357932     2.357932     2.357932     2.357932     2.357932     2.357932
 Target:     1.099488    0.4923945     1.745441
 Joints:     2.343722     2.343722     2.343722     2.343722     2.343722     2.343722     2.343722
 Target:     1.119702    0.4923945      1.70528
 Joints:     2.262232     2.262232     2.262232     2.262232     2.262232     2.262232     2.262232
 Target:     1.138483    0.4923945     1.664572
 Joints:     2.230048     2.230048     2.230048     2.230048     2.230048     2.230048     2.230048
 Target:     1.155982    0.4923945     1.623051
 Joints:      2.22318      2.22318      2.22318      2.22318      2.22318      2.22318      2.22318
 Target:     1.171535    0.4923945     1.581904
 Joints:     2.188005     2.188005     2.188005     2.188005     2.188005     2.188005     2.188005
 Target:     1.185924    0.4923945     1.540032
 Joints:     2.147088     2.147088     2.147088     2.147088     2.147088     2.147088     2.147088
 Target:     1.198779    0.4923945     1.497826
 Joints:     2.111193     2.111193     2.111193     2.111193     2.111193     2.111193     2.111193
 Target:     1.210137    0.4923945     1.455381
 Joints:     2.069136     2.069136     2.069136     2.069136     2.069136     2.069136     2.069136
 Target:     1.220006    0.4923945     1.412728
 Joints:     2.060485     2.060485     2.060485     2.060485     2.060485     2.060485     2.060485
 Target:     1.228379    0.4923945     1.369932
 Joints:     2.042047     2.042047     2.042047     2.042047     2.042047     2.042047     2.042047
 Target:     1.235311    0.4923945     1.326844
 Joints:     1.994161     1.994161     1.994161     1.994161     1.994161     1.994161     1.994161
 Target:     1.240626    0.4923945     1.284102
 Joints:     1.990197     1.990197     1.990197     1.990197     1.990197     1.990197     1.990197
 Target:     1.244554    0.4923945     1.241186
 Joints:     1.925569     1.925569     1.925569     1.925569     1.925569     1.925569     1.925569
 Target:     1.246982    0.4923945     1.198324
 Joints:     1.907241     1.907241     1.907241     1.907241     1.907241     1.907241     1.907241
 Target:      1.24794    0.4923945     1.155572
 Joints:     1.875084     1.875084     1.875084     1.875084     1.875084     1.875084     1.875084
 Target:     1.247453    0.4923945     1.112831
 Joints:     1.855564     1.855564     1.855564     1.855564     1.855564     1.855564     1.855564
 Target:     1.246096    0.4923945     1.058568
 Joints:     1.805995     1.805995     1.805995     1.805995     1.805995     1.805995     1.805995
 Target:     1.240877    0.4923945     1.016463
 Joints:     1.796523     1.796523     1.796523     1.796523     1.796523     1.796523     1.796523
 Target:     1.235674    0.4923945    0.9747497
 Joints:     1.746262     1.746262     1.746262     1.746262     1.746262     1.746262     1.746262
 Target:     1.229074    0.4923945    0.9334056
 Joints:     1.699209     1.699209     1.699209     1.699209     1.699209     1.699209     1.699209
 Target:     1.221097    0.4923945    0.8924772
 Joints:     1.692188     1.692188     1.692188     1.692188     1.692188     1.692188     1.692188
 Target:     1.211764    0.4923945    0.8520101
 Joints:      1.66044      1.66044      1.66044      1.66044      1.66044      1.66044      1.66044
 Target:     1.201067    0.4923945    0.8118602
 Joints:     1.610877     1.610877     1.610877     1.610877     1.610877     1.610877     1.610877
 Target:     1.189094    0.4923945    0.7726415
 Joints:     1.563776     1.563776     1.563776     1.563776     1.563776     1.563776     1.563776
 Target:     1.175852    0.4923945    0.7338188
 Joints:     1.544944     1.544944     1.544944     1.544944     1.544944     1.544944     1.544944
 Target:     1.161208    0.4923945     0.695182
 Joints:     1.531471     1.531471     1.531471     1.531471     1.531471     1.531471     1.531471
 Target:     1.145513    0.4923945    0.6581429
 Joints:     1.490854     1.490854     1.490854     1.490854     1.490854     1.490854     1.490854
 Target:     1.128608    0.4923945    0.6213309
 Joints:     1.428528     1.428528     1.428528     1.428528     1.428528     1.428528     1.428528
 Target:     1.110263    0.4923945    0.5847263
 Joints:     1.413022     1.413022     1.413022     1.413022     1.413022     1.413022     1.413022
 Target:     1.090691    0.4923945    0.5490102
 Joints:     1.401924     1.401924     1.401924     1.401924     1.401924     1.401924     1.401924
 Target:      1.07068    0.4923945    0.5156716
 Joints:     1.357879     1.357879     1.357879     1.357879     1.357879     1.357879     1.357879
 Target:     1.049344    0.4923945    0.4820315
 Joints:     1.297797     1.297797     1.297797     1.297797     1.297797     1.297797     1.297797
 Target:     1.026849    0.4923945    0.4493758
 Joints:     1.340209     1.340209     1.340209     1.340209     1.340209     1.340209     1.340209
 Target:     1.003327    0.4923945    0.4175989
 Joints:     1.293985     1.293985     1.293985     1.293985     1.293985     1.293985     1.293985
 Target:    0.9787108    0.4923945    0.3865921
 Joints:     1.245408     1.245408     1.245408     1.245408     1.245408     1.245408     1.245408
 Target:    0.9534329    0.4923945    0.3570529
 Joints:     1.236107     1.236107     1.236107     1.236107     1.236107     1.236107     1.236107
 Target:    0.9270967    0.4923945    0.3281412
 Joints:     1.236107     1.236107     1.236107     1.236107     1.236107     1.236107     1.236107
 Target:    0.9000017    0.4923945    0.3004903
 Joints:      1.02879      1.02879      1.02879      1.02879      1.02879      1.02879      1.02879
 Target:    0.8720533    0.4923945     0.273793
 Joints:     1.255944     1.255944     1.255944     1.255944     1.255944     1.255944     1.255944
 Target:     0.843317    0.4923945    0.2481861
 Joints:     1.255008     1.255008     1.255008     1.255008     1.255008     1.255008     1.255008
 Target:    0.8110311    0.4923945    0.2207441
 Joints:     1.177438     1.177438     1.177438     1.177438     1.177438     1.177438     1.177438
 Target:    0.7804114    0.4923945    0.1978734
 Joints:     1.177438     1.177438     1.177438     1.177438     1.177438     1.177438     1.177438
 Target:    0.7494497    0.4923945    0.1756909
 Joints:     1.125712     1.125712     1.125712     1.125712     1.125712     1.125712     1.125712
 Target:    0.7180635    0.4923945    0.1548548
 Joints:     1.127124     1.127124     1.127124     1.127124     1.127124     1.127124     1.127124
 Target:    0.6858057    0.4923945    0.1348944
 Joints:     1.107304     1.107304     1.107304     1.107304     1.107304     1.107304     1.107304
 Target:    0.6531721    0.4923945    0.1163285
 Joints:     1.078807     1.078807     1.078807     1.078807     1.078807     1.078807     1.078807
 Target:    0.6204786    0.4923945    0.0992187
 Joints:     1.055276     1.055276     1.055276     1.055276     1.055276     1.055276     1.055276
 Target:    0.5867154    0.4923945   0.08280295
 Joints:     1.085739     1.085739     1.085739     1.085739     1.085739     1.085739     1.085739
 Target:    0.5532424    0.4923945   0.06817555
 Joints:      1.06676      1.06676      1.06676      1.06676      1.06676      1.06676      1.06676
 Target:    0.5191298    0.4923945   0.05444332
 Joints:     1.053647     1.053647     1.053647     1.053647     1.053647     1.053647     1.053647
 Target:    0.4846958    0.4923945   0.04199995
 Joints:     1.017782     1.017782     1.017782     1.017782     1.017782     1.017782     1.017782
 Target:    0.4500143    0.4923945   0.03079778
 Joints:    0.9789745    0.9789745    0.9789745    0.9789745    0.9789745    0.9789745    0.9789745
 Target:    0.4151317    0.4923945   0.02084014
 Joints:    0.9237745    0.9237745    0.9237745    0.9237745    0.9237745    0.9237745    0.9237745
 Target:    0.3792273    0.4923945   0.01179506
 Joints:    0.9238476    0.9238476    0.9238476    0.9238476    0.9238476    0.9238476    0.9238476
 Target:    0.3448934    0.4923945  0.004781628
 Joints:    0.8787809    0.8787809    0.8787809    0.8787809    0.8787809    0.8787809    0.8787809
 Target:    0.3089013    0.4923945  -0.00181988
 Joints:    0.7690994    0.7690994    0.7690994    0.7690994    0.7690994    0.7690994    0.7690994
 Target:    0.2744254    0.4923945 -0.006442931
 Joints:    0.7810669    0.7810669    0.7810669    0.7810669    0.7810669    0.7810669    0.7810669
 Target:    0.2392279    0.4923945   -0.0103153
 Joints:    0.6421195    0.6421195    0.6421195    0.6421195    0.6421195    0.6421195    0.6421195
 Target:    0.2037397    0.4923945  -0.01291053
 Joints:    0.6301115    0.6301115    0.6301115    0.6301115    0.6301115    0.6301115    0.6301115
 Target:    0.1689758    0.4923945  -0.01411513
 Joints:    0.6053772    0.6053772    0.6053772    0.6053772    0.6053772    0.6053772    0.6053772
 Target:    0.1340109    0.4923945  -0.01427356
 Joints:    0.5390388    0.5390388    0.5390388    0.5390388    0.5390388    0.5390388    0.5390388
 Target:   0.09931216    0.4923945   -0.0131711
 Joints:    0.5390388    0.5390388    0.5390388    0.5390388    0.5390388    0.5390388    0.5390388
 Target:   0.06479643    0.4923945  -0.01090402
 Joints:    0.4061691    0.4061691    0.4061691    0.4061691    0.4061691    0.4061691    0.4061691
 Target:   0.03038499    0.4923945 -0.007465635
 Joints:    0.2831137    0.2831137    0.2831137    0.2831137    0.2831137    0.2831137    0.2831137
 Target: -0.003999322    0.4923945  -0.00283686
 Joints:    0.2831137    0.2831137    0.2831137    0.2831137    0.2831137    0.2831137    0.2831137
 Target:  -0.03787569    0.4923945  0.002995102
 Joints:    0.2831137    0.2831137    0.2831137    0.2831137    0.2831137    0.2831137    0.2831137
 Target:  -0.07055309    0.4923945  0.009883948
 Joints:    0.1119334    0.1119334    0.1119334    0.1119334    0.1119334    0.1119334    0.1119334
 Target:   -0.1030045    0.4923945   0.01773436
 Joints:   0.06362786   0.06362786   0.06362786   0.06362786   0.06362786   0.06362786   0.06362786
 Target:   -0.1354265    0.4923945   0.02672692
 Joints:   0.06362786   0.06362786   0.06362786   0.06362786   0.06362786   0.06362786   0.06362786
 Target:   -0.1671986    0.4923945   0.03682068
 Joints:   0.06362787   0.06362787   0.06362787   0.06362787   0.06362787   0.06362787   0.06362787
 Target:   -0.1985236    0.4923945    0.0479372
 Joints:   0.06362787   0.06362787   0.06362787   0.06362787   0.06362787   0.06362787   0.06362787
 Target:   -0.2296016    0.4923945   0.06015291
 Joints:   0.06362787   0.06362787   0.06362787   0.06362787   0.06362787   0.06362787   0.06362787
 Target:   -0.2594528    0.4923945   0.07325147
 Joints:   0.06362787   0.06362787   0.06362787   0.06362787   0.06362787   0.06362787   0.06362787
 Target:   -0.2890199    0.4923945   0.08729135
 Joints:   0.06362787   0.06362787   0.06362787   0.06362787   0.06362787   0.06362787   0.06362787
 Target:   -0.3179164    0.4923945    0.1023112
 Joints:   0.06362787   0.06362787   0.06362787   0.06362787   0.06362787   0.06362787   0.06362787
 Target:   -0.3461531    0.4923945    0.1182444
 Joints:   0.06362787   0.06362787   0.06362787   0.06362787   0.06362787   0.06362787   0.06362787
 Target:    -0.373821    0.4923945    0.1351209
 Joints:   0.06362787   0.06362787   0.06362787   0.06362787   0.06362787   0.06362787   0.06362787
 Target:   -0.4003985    0.4923945    0.1527179
 Joints:   0.06362787   0.06362787   0.06362787   0.06362787   0.06362787   0.06362787   0.06362787
 Target:   -0.4264218    0.4923945    0.1711572
 Joints:   0.03511643   0.03511643   0.03511643   0.03511643   0.03511643   0.03511643   0.03511643
 Target:   -0.4519022    0.4923945    0.1905544
 Joints:   0.03511643   0.03511643   0.03511643   0.03511643   0.03511643   0.03511643   0.03511643
 Target:   -0.4760273    0.4923945    0.2104556
 Joints:   0.03511643   0.03511643   0.03511643   0.03511643   0.03511643   0.03511643   0.03511643
 Target:   -0.4996294    0.4923945    0.2311396
 Joints:    -1.348125    -1.348125    -1.348125    -1.348125    -1.348125    -1.348125    -1.348125
 Target:   -0.5223553    0.4923945     0.252553
 Joints:    -1.618555    -1.618555    -1.618555    -1.618555    -1.618555    -1.618555    -1.618555
 Target:   -0.5442073    0.4923945    0.2746193
 Joints:    -1.719552    -1.719552    -1.719552    -1.719552    -1.719552    -1.719552    -1.719552
 Target:   -0.5653968    0.4923945    0.2974879
 Joints:    -1.719552    -1.719552    -1.719552    -1.719552    -1.719552    -1.719552    -1.719552
 Target:   -0.5851947    0.4923945    0.3206133
 Joints:    -1.652097    -1.652097    -1.652097    -1.652097    -1.652097    -1.652097    -1.652097
 Target:   -0.6043994    0.4923945    0.3444337
 Joints:    -1.670903    -1.670903    -1.670903    -1.670903    -1.670903    -1.670903    -1.670903
 Target:   -0.6225483    0.4923945    0.3687359
 Joints:    -1.768139    -1.768139    -1.768139    -1.768139    -1.768139    -1.768139    -1.768139
 Target:   -0.6397997    0.4923945    0.3935382
 Joints:     -1.82839     -1.82839     -1.82839     -1.82839     -1.82839     -1.82839     -1.82839
 Target:   -0.6560863    0.4923945    0.4187907
 Joints:     -1.82839     -1.82839     -1.82839     -1.82839     -1.82839     -1.82839     -1.82839
 Target:   -0.6717885    0.4923945     0.444916
 Joints:    -1.828945    -1.828945    -1.828945    -1.828945    -1.828945    -1.828945    -1.828945
 Target:   -0.6856553    0.4923945    0.4705383
 Joints:    -1.887314    -1.887314    -1.887314    -1.887314    -1.887314    -1.887314    -1.887314
 Target:   -0.6990869    0.4923945    0.4968325
 Joints:    -1.973875    -1.973875    -1.973875    -1.973875    -1.973875    -1.973875    -1.973875
 Target:   -0.7114434    0.4923945    0.5234852
 Joints:    -1.973875    -1.973875    -1.973875    -1.973875    -1.973875    -1.973875    -1.973875
 Target:   -0.7229179    0.4923945    0.5505822
 Joints:    -2.060398    -2.060398    -2.060398    -2.060398    -2.060398    -2.060398    -2.060398
 Target:   -0.7338262    0.4923945    0.5787632
 Joints:    -2.006817    -2.006817    -2.006817    -2.006817    -2.006817    -2.006817    -2.006817
 Target:   -0.7422943    0.4923945    0.6049576
 Joints:    -2.006817    -2.006817    -2.006817    -2.006817    -2.006817    -2.006817    -2.006817
 Target:    -0.750867    0.4923945    0.6323051
 Joints:    -2.006817    -2.006817    -2.006817    -2.006817    -2.006817    -2.006817    -2.006817
 Target:   -0.7584908    0.4923945    0.6604918
 Joints:    -2.310845    -2.310845    -2.310845    -2.310845    -2.310845    -2.310845    -2.310845
 Target:   -0.7644554    0.4923945    0.6875789
 Joints:    -2.310845    -2.310845    -2.310845    -2.310845    -2.310845    -2.310845    -2.310845
 Target:     -0.76992    0.4923945    0.7152244
 Joints:    -2.328006    -2.328006    -2.328006    -2.328006    -2.328006    -2.328006    -2.328006
 Target:     -0.77428    0.4923945    0.7429181
 Joints:    -2.472857    -2.472857    -2.472857    -2.472857    -2.472857    -2.472857    -2.472857
 Target:   -0.7776537    0.4923945    0.7705804
 Joints:    -2.433352    -2.433352    -2.433352    -2.433352    -2.433352    -2.433352    -2.433352
 Target:   -0.7800484    0.4923945     0.798178
 Joints:    -2.418177    -2.418177    -2.418177    -2.418177    -2.418177    -2.418177    -2.418177
 Target:   -0.7814901    0.4923945     0.825757
 Joints:    -2.392085    -2.392085    -2.392085    -2.392085    -2.392085    -2.392085    -2.392085
 Target:   -0.7820017    0.4923945    0.8534849
 Joints:    -2.392085    -2.392085    -2.392085    -2.392085    -2.392085    -2.392085    -2.392085
 Target:     -0.78136    0.4923945    0.8802422
 Joints:    -2.430358    -2.430358    -2.430358    -2.430358    -2.430358    -2.430358    -2.430358
 Target:   -0.7800171    0.4923945    0.9072231
 Joints:    -2.447868    -2.447868    -2.447868    -2.447868    -2.447868    -2.447868    -2.447868
 Target:   -0.7776634    0.4923945    0.9339842
 Joints:    -2.527307    -2.527307    -2.527307    -2.527307    -2.527307    -2.527307    -2.527307
 Target:   -0.7743978    0.4923945    0.9604794
 Joints:    -2.563079    -2.563079    -2.563079    -2.563079    -2.563079    -2.563079    -2.563079
 Target:   -0.7702357    0.4923945    0.9866807
 Joints:    -2.614217    -2.614217    -2.614217    -2.614217    -2.614217    -2.614217    -2.614217
 Target:    -0.765193    0.4923945     1.012557
 Joints:     -2.64903     -2.64903     -2.64903     -2.64903     -2.64903     -2.64903     -2.64903
 Target:   -0.7592765    0.4923945     1.038289
 Joints:    -2.665062    -2.665062    -2.665062    -2.665062    -2.665062    -2.665062    -2.665062
 Target:   -0.7524944    0.4923945      1.06321
 Joints:    -2.710138    -2.710138    -2.710138    -2.710138    -2.710138    -2.710138    -2.710138
 Target:    -0.744959    0.4923945     1.087942
 Joints:    -2.764354    -2.764354    -2.764354    -2.764354    -2.764354    -2.764354    -2.764354
 Target:   -0.7365723    0.4923945     1.112253
 Joints:     -2.79759     -2.79759     -2.79759     -2.79759     -2.79759     -2.79759     -2.79759
 Target:   -0.7273199    0.4923945     1.136496
 Joints:    -2.812051    -2.812051    -2.812051    -2.812051    -2.812051    -2.812051    -2.812051
 Target:   -0.7173875    0.4923945     1.159365
 Joints:    -2.883458    -2.883458    -2.883458    -2.883458    -2.883458    -2.883458    -2.883458
 Target:   -0.7068052    0.4923945     1.182207
 Joints:    -2.919985    -2.919985    -2.919985    -2.919985    -2.919985    -2.919985    -2.919985
 Target:   -0.6954154    0.4923945     1.204491
 Joints:    -2.919096    -2.919096    -2.919096    -2.919096    -2.919096    -2.919096    -2.919096
 Target:    -0.683332    0.4923945     1.226217
 Joints:    -2.943988    -2.943988    -2.943988    -2.943988    -2.943988    -2.943988    -2.943988
 Target:   -0.6705797    0.4923945     1.247362
 Joints:      -2.9668      -2.9668      -2.9668      -2.9668      -2.9668      -2.9668      -2.9668
 Target:   -0.6571516    0.4923945     1.267986
 Joints:      -2.9668      -2.9668      -2.9668      -2.9668      -2.9668      -2.9668      -2.9668
 Target:   -0.6431547    0.4923945     1.287823
 Joints:      -2.9668      -2.9668      -2.9668      -2.9668      -2.9668      -2.9668      -2.9668
 Target:    -0.628567    0.4923945     1.307118
 Joints:      -2.9668      -2.9668      -2.9668      -2.9668      -2.9668      -2.9668      -2.9668
 Target:   -0.6133983    0.4923945     1.325751
 Joints:      -2.9668      -2.9668      -2.9668      -2.9668      -2.9668      -2.9668      -2.9668
 Target:   -0.5976934    0.4923945     1.343712
 Joints:      -2.9668      -2.9668      -2.9668      -2.9668      -2.9668      -2.9668      -2.9668
 Target:    -0.581479    0.4923945     1.360989
 Joints:      -2.9668      -2.9668      -2.9668      -2.9668      -2.9668      -2.9668      -2.9668
 Target:   -0.5647839    0.4923945     1.377566
 Joints:      -2.9668      -2.9668      -2.9668      -2.9668      -2.9668      -2.9668      -2.9668
 Target:   -0.5476376    0.4923945      1.39343
 Joints:      -2.9668      -2.9668      -2.9668      -2.9668      -2.9668      -2.9668      -2.9668
 Target:   -0.5300674    0.4923945     1.408573
 Joints:      -2.9668      -2.9668      -2.9668      -2.9668      -2.9668      -2.9668      -2.9668
 Target:   -0.5121042    0.4923945      1.42298
 Joints:      -2.9668      -2.9668      -2.9668      -2.9668      -2.9668      -2.9668      -2.9668
 Target:   -0.4937755    0.4923945     1.436645
 Joints:      -2.9668      -2.9668      -2.9668      -2.9668      -2.9668      -2.9668      -2.9668
 Target:   -0.4751127    0.4923945     1.449559
 Joints:      -2.9668      -2.9668      -2.9668      -2.9668      -2.9668      -2.9668      -2.9668
 Target:   -0.4561437    0.4923945     1.461716
 Joints:      -2.9668      -2.9668      -2.9668      -2.9668      -2.9668      -2.9668      -2.9668
 Target:   -0.4368989    0.4923945     1.473109
 Joints:      -2.9668      -2.9668      -2.9668      -2.9668      -2.9668      -2.9668      -2.9668
 Target:   -0.4174092    0.4923945     1.483733
 Joints:      -2.9668      -2.9668      -2.9668      -2.9668      -2.9668      -2.9668      -2.9668
 Target:   -0.3977025    0.4923945     1.493586
 Joints:      -2.9668      -2.9668      -2.9668      -2.9668      -2.9668      -2.9668      -2.9668
 Target:   -0.3778104    0.4923945     1.502664
 Joints:      -2.9668      -2.9668      -2.9668      -2.9668      -2.9668      -2.9668      -2.9668
 Target:   -0.3577607    0.4923945     1.510967
 Joints:      -2.9668      -2.9668      -2.9668      -2.9668      -2.9668      -2.9668      -2.9668
 Target:   -0.3373503    0.4923945     1.518647
 Joints:   -0.1327469   -0.1327469   -0.1327469   -0.1327469   -0.1327469   -0.1327469   -0.1327469
 Target:   -0.3171246    0.4923945      1.52528
 Joints:    0.1779338    0.1779338    0.1779338    0.1779338    0.1779338    0.1779338    0.1779338
 Target:   -0.2969455    0.4923945     1.531191
 Joints:  -0.01754169  -0.01754169  -0.01754169  -0.01754169  -0.01754169  -0.01754169  -0.01754169
 Target:   -0.2765828    0.4923945     1.536439
 Joints:  -0.08697561  -0.08697561  -0.08697561  -0.08697561  -0.08697561  -0.08697561  -0.08697561
 Target:   -0.2560249    0.4923945     1.540962
 Joints:   -0.0711761   -0.0711761   -0.0711761   -0.0711761   -0.0711761   -0.0711761   -0.0711761
 Target:    -0.235793    0.4923945     1.544529
 Joints:  -0.06186503  -0.06186503  -0.06186503  -0.06186503  -0.06186503  -0.06186503  -0.06186503
 Target:   -0.2154592    0.4923945     1.547511
 Joints:  -0.06186503  -0.06186503  -0.06186503  -0.06186503  -0.06186503  -0.06186503  -0.06186503
 Target:   -0.1952154    0.4923945     1.549684
 Joints:   -0.1705627   -0.1705627   -0.1705627   -0.1705627   -0.1705627   -0.1705627   -0.1705627
 Target:   -0.1750556    0.4923945     1.551137
 Joints:   -0.1705627   -0.1705627   -0.1705627   -0.1705627   -0.1705627   -0.1705627   -0.1705627
 Target:    -0.155021    0.4923945     1.551855
 Joints:   -0.1705627   -0.1705627   -0.1705627   -0.1705627   -0.1705627   -0.1705627   -0.1705627
 Target:   -0.1348309    0.4923945      1.55193
 Joints:   -0.1705627   -0.1705627   -0.1705627   -0.1705627   -0.1705627   -0.1705627   -0.1705627
 Target:   -0.1149471    0.4923945     1.551164
 Joints:   -0.1901302   -0.1901302   -0.1901302   -0.1901302   -0.1901302   -0.1901302   -0.1901302
 Target:  -0.09517214    0.4923945     1.549746
 Joints:   -0.1901302   -0.1901302   -0.1901302   -0.1901302   -0.1901302   -0.1901302   -0.1901302
 Target:  -0.07615799    0.4923945     1.547525
 Joints:   -0.1901302   -0.1901302   -0.1901302   -0.1901302   -0.1901302   -0.1901302   -0.1901302
 Target:  -0.05713085    0.4923945     1.544827
 Joints:   -0.1901302   -0.1901302   -0.1901302   -0.1901302   -0.1901302   -0.1901302   -0.1901302
 Target:  -0.03839428    0.4923945     1.541395
 Joints:   -0.3469087   -0.3469087   -0.3469087   -0.3469087   -0.3469087   -0.3469087   -0.3469087
 Target:  -0.01995227    0.4923945     1.537332
 Joints:   -0.3469087   -0.3469087   -0.3469087   -0.3469087   -0.3469087   -0.3469087   -0.3469087
 Target: -0.001819536    0.4923945     1.532647
 Joints:   -0.3469087   -0.3469087   -0.3469087   -0.3469087   -0.3469087   -0.3469087   -0.3469087
 Target:   0.01597573    0.4923945     1.527353
 Joints:   -0.6708235   -0.6708235   -0.6708235   -0.6708235   -0.6708235   -0.6708235   -0.6708235
 Target:   0.03352377    0.4923945     1.521464
 Joints:   -0.6708235   -0.6708235   -0.6708235   -0.6708235   -0.6708235   -0.6708235   -0.6708235
 Target:   0.05046304    0.4923945     1.514986
 Joints:   -0.6708235   -0.6708235   -0.6708235   -0.6708235   -0.6708235   -0.6708235   -0.6708235
 Target:   0.06712876    0.4923945     1.508015
 Joints:   -0.6708235   -0.6708235   -0.6708235   -0.6708235   -0.6708235   -0.6708235   -0.6708235
 Target:   0.08337633    0.4923945     1.500478
 Joints:   -0.6708235   -0.6708235   -0.6708235   -0.6708235   -0.6708235   -0.6708235   -0.6708235
 Target:   0.09919234    0.4923945      1.49243
 Joints:   -0.6708235   -0.6708235   -0.6708235   -0.6708235   -0.6708235   -0.6708235   -0.6708235
 Target:    0.1145628    0.4923945      1.48389
 Joints:   -0.7296616   -0.7296616   -0.7296616   -0.7296616   -0.7296616   -0.7296616   -0.7296616
 Target:    0.1297742    0.4923945     1.474796
 Joints:   -0.7296616   -0.7296616   -0.7296616   -0.7296616   -0.7296616   -0.7296616   -0.7296616
 Target:    0.1438855    0.4923945     1.465323
 Joints:   -0.7296616   -0.7296616   -0.7296616   -0.7296616   -0.7296616   -0.7296616   -0.7296616
 Target:    0.1580073    0.4923945      1.45547
 Joints:   -0.7296616   -0.7296616   -0.7296616   -0.7296616   -0.7296616   -0.7296616   -0.7296616
 Target:     0.171272    0.4923945     1.445185
 Joints:   -0.7296616   -0.7296616   -0.7296616   -0.7296616   -0.7296616   -0.7296616   -0.7296616
 Target:    0.1842204    0.4923945     1.434557
 Joints:   -0.2085955   -0.2085955   -0.2085955   -0.2085955   -0.2085955   -0.2085955   -0.2085955
 Target:    0.1966303    0.4923945     1.423519
 Joints:   -0.2085955   -0.2085955   -0.2085955   -0.2085955   -0.2085955   -0.2085955   -0.2085955
 Target:    0.2085053    0.4923945     1.412143
 Joints:   -0.2434034   -0.2434034   -0.2434034   -0.2434034   -0.2434034   -0.2434034   -0.2434034
 Target:    0.2198406    0.4923945     1.400453
 Joints:   -0.2434034   -0.2434034   -0.2434034   -0.2434034   -0.2434034   -0.2434034   -0.2434034
 Target:     0.230627    0.4923945     1.388472
 Joints:   -0.3345388   -0.3345388   -0.3345388   -0.3345388   -0.3345388   -0.3345388   -0.3345388
 Target:    0.2408593    0.4923945     1.376224
 Joints:   -0.3345388   -0.3345388   -0.3345388   -0.3345388   -0.3345388   -0.3345388   -0.3345388
 Target:    0.2507054    0.4923945     1.363613
 Joints:   -0.3345388   -0.3345388   -0.3345388   -0.3345388   -0.3345388   -0.3345388   -0.3345388
 Target:    0.2595947    0.4923945     1.350964
 Joints:   -0.3345388   -0.3345388   -0.3345388   -0.3345388   -0.3345388   -0.3345388   -0.3345388
 Target:     0.268176    0.4923945     1.338114
 Joints:   -0.3345388   -0.3345388   -0.3345388   -0.3345388   -0.3345388   -0.3345388   -0.3345388
 Target:    0.2763765    0.4923945     1.324836
 Joints:    -1.816047    -1.816047    -1.816047    -1.816047    -1.816047    -1.816047    -1.816047
 Target:     0.283498    0.4923945     1.311695
 Joints:    -1.816047    -1.816047    -1.816047    -1.816047    -1.816047    -1.816047    -1.816047
 Target:    0.2903449    0.4923945     1.298441
 Joints:    -1.816047    -1.816047    -1.816047    -1.816047    -1.816047    -1.816047    -1.816047
 Target:    0.2966018    0.4923945     1.284999
 Joints:    -1.816047    -1.816047    -1.816047    -1.816047    -1.816047    -1.816047    -1.816047
 Target:    0.3022751    0.4923945     1.271466
 Joints:    -1.816047    -1.816047    -1.816047    -1.816047    -1.816047    -1.816047    -1.816047
 Target:     0.307551    0.4923945     1.257672
 Joints:    -1.816047    -1.816047    -1.816047    -1.816047    -1.816047    -1.816047    -1.816047
 Target:    0.3118433    0.4923945     1.244183
 Joints:    -1.816047    -1.816047    -1.816047    -1.816047    -1.816047    -1.816047    -1.816047
 Target:    0.3158751    0.4923945     1.230629
 Joints:    -1.816047    -1.816047    -1.816047    -1.816047    -1.816047    -1.816047    -1.816047
 Target:    0.3192918    0.4923945     1.217018
 Joints:    -1.816047    -1.816047    -1.816047    -1.816047    -1.816047    -1.816047    -1.816047
 Target:    0.3221486    0.4923945     1.203438
 Joints:    -1.816047    -1.816047    -1.816047    -1.816047    -1.816047    -1.816047    -1.816047
 Target:    0.3245854    0.4923945     1.189696
 Joints:    -1.816047    -1.816047    -1.816047    -1.816047    -1.816047    -1.816047    -1.816047
 Target:    0.3261413    0.4923945     1.176415
 Joints:    -2.239567    -2.239567    -2.239567    -2.239567    -2.239567    -2.239567    -2.239567
 Target:    0.3274586    0.4923945     1.163124
 Joints:    -2.239567    -2.239567    -2.239567    -2.239567    -2.239567    -2.239567    -2.239567
 Target:    0.3281741    0.4923945       1.1499
 Joints:    -2.164613    -2.164613    -2.164613    -2.164613    -2.164613    -2.164613    -2.164613
 Target:    0.3284003    0.4923945     1.136747
 Joints:    -2.164613    -2.164613    -2.164613    -2.164613    -2.164613    -2.164613    -2.164613
 Target:    0.3280379    0.4923945     1.123877
 Joints:    -2.164613    -2.164613    -2.164613    -2.164613    -2.164613    -2.164613    -2.164613
 Target:    0.3272681    0.4923945     1.111138
 Joints:    -2.164613    -2.164613    -2.164613    -2.164613    -2.164613    -2.164613    -2.164613
 Target:    0.3259884    0.4923945     1.098586
 Joints:    -2.164613    -2.164613    -2.164613    -2.164613    -2.164613    -2.164613    -2.164613
 Target:      0.32424    0.4923945     1.086248
 Joints:    -2.164613    -2.164613    -2.164613    -2.164613    -2.164613    -2.164613    -2.164613
 Target:     0.322036    0.4923945     1.074141
 Joints:    -2.164613    -2.164613    -2.164613    -2.164613    -2.164613    -2.164613    -2.164613
 Target:    0.3193897    0.4923945     1.062281
 Joints:    -2.164613    -2.164613    -2.164613    -2.164613    -2.164613    -2.164613    -2.164613
 Target:    0.3163566    0.4923945     1.050428
 Joints:    -2.164613    -2.164613    -2.164613    -2.164613    -2.164613    -2.164613    -2.164613
 Target:    0.3127077    0.4923945     1.039353
 Joints:    -2.688116    -2.688116    -2.688116    -2.688116    -2.688116    -2.688116    -2.688116
 Target:    0.3091536    0.4923945     1.025955
 Joints:    -2.688116    -2.688116    -2.688116    -2.688116    -2.688116    -2.688116    -2.688116
 Target:    0.3036463    0.4923945     1.015213
 Joints:    -2.708974    -2.708974    -2.708974    -2.708974    -2.708974    -2.708974    -2.708974
 Target:    0.2989327    0.4923945     1.004865
 Joints:    -2.708974    -2.708974    -2.708974    -2.708974    -2.708974    -2.708974    -2.708974
 Target:    0.2938599    0.4923945     0.994896
 Joints:    -2.708974    -2.708974    -2.708974    -2.708974    -2.708974    -2.708974    -2.708974
 Target:    0.2884722    0.4923945    0.9850679
 Joints:      -2.9668      -2.9668      -2.9668      -2.9668      -2.9668      -2.9668      -2.9668
 Target:    0.2826623    0.4923945    0.9756898
 Joints:      -2.9668      -2.9668      -2.9668      -2.9668      -2.9668      -2.9668      -2.9668
 Target:    0.2766202    0.4923945    0.9668938
 Joints:      -2.9668      -2.9668      -2.9668      -2.9668      -2.9668      -2.9668      -2.9668
 Target:    0.2703925    0.4923945    0.9582538
 Joints:      -2.9668      -2.9668      -2.9668      -2.9668      -2.9668      -2.9668      -2.9668
 Target:    0.2638298    0.4923945    0.9502143
 Joints:      -2.9668      -2.9668      -2.9668      -2.9668      -2.9668      -2.9668      -2.9668
 Target:    0.2571238    0.4923945    0.9424455
 Joints:      -2.9668      -2.9668      -2.9668      -2.9668      -2.9668      -2.9668      -2.9668
 Target:    0.2501445    0.4923945    0.9350789
 Joints:      -2.9668      -2.9668      -2.9668      -2.9668      -2.9668      -2.9668      -2.9668
 Target:    0.2429595    0.4923945    0.9281056
 Joints:      -2.9668      -2.9668      -2.9668      -2.9668      -2.9668      -2.9668      -2.9668
 Target:     0.235582    0.4923945    0.9215269
 Joints:      -2.9668      -2.9668      -2.9668      -2.9668      -2.9668      -2.9668      -2.9668
 Target:    0.2278145    0.4923945    0.9147815
 Joints:      -2.9668      -2.9668      -2.9668      -2.9668      -2.9668      -2.9668      -2.9668
 Target:    0.2197622    0.4923945    0.9092298
 Joints:      -2.9668      -2.9668      -2.9668      -2.9668      -2.9668      -2.9668      -2.9668
 Target:    0.2118856    0.4923945    0.9037817
 Joints:      -2.9668      -2.9668      -2.9668      -2.9668      -2.9668      -2.9668      -2.9668
 Target:    0.2039691    0.4923945    0.8991845
 Joints:      -2.9668      -2.9668      -2.9668      -2.9668      -2.9668      -2.9668      -2.9668
 Target:    0.1961235    0.4923945    0.8946965
 Joints:      -2.9668      -2.9668      -2.9668      -2.9668      -2.9668      -2.9668      -2.9668
 Target:     0.188094    0.4923945    0.8906882
 Joints:     -2.69594     -2.69594     -2.69594     -2.69594     -2.69594     -2.69594     -2.69594
 Target:    0.1800218    0.4923945    0.8870986
 Joints:     -2.69594     -2.69594     -2.69594     -2.69594     -2.69594     -2.69594     -2.69594
 Target:    0.1719134    0.4923945    0.8839067
 Joints:     -2.69594     -2.69594     -2.69594     -2.69594     -2.69594     -2.69594     -2.69594
 Target:    0.1637901    0.4923945    0.8811458
 Joints:     -2.69594     -2.69594     -2.69594     -2.69594     -2.69594     -2.69594     -2.69594
 Target:    0.1556439    0.4923945    0.8787417
 Joints:     -2.69594     -2.69594     -2.69594     -2.69594     -2.69594     -2.69594     -2.69594
 Target:     0.147406    0.4923945    0.8766842
 Joints:     -2.69594     -2.69594     -2.69594     -2.69594     -2.69594     -2.69594     -2.69594
 Target:    0.1394144    0.4923945    0.8754203
 Joints:     -2.69594     -2.69594     -2.69594     -2.69594     -2.69594     -2.69594     -2.69594
 Target:    0.1315792    0.4923945     0.874152
 Joints:     -2.69594     -2.69594     -2.69594     -2.69594     -2.69594     -2.69594     -2.69594
 Target:     0.123737    0.4923945    0.8734475
 Joints:     -2.69594     -2.69594     -2.69594     -2.69594     -2.69594     -2.69594     -2.69594
 Target:    0.1160123    0.4923945    0.8730607
 Joints:     -2.69594     -2.69594     -2.69594     -2.69594     -2.69594     -2.69594     -2.69594
 Target:    0.1083871    0.4923945     0.873068
 Joints:     -2.69594     -2.69594     -2.69594     -2.69594     -2.69594     -2.69594     -2.69594
 Target:    0.1008904    0.4923945    0.8734347
 Joints:     -2.69594     -2.69594     -2.69594     -2.69594     -2.69594     -2.69594     -2.69594
 Target:   0.09355504    0.4923945    0.8741766
 Joints:     -2.69594     -2.69594     -2.69594     -2.69594     -2.69594     -2.69594     -2.69594
 Target:   0.08613947    0.4923945    0.8750712
 Joints:     -2.69594     -2.69594     -2.69594     -2.69594     -2.69594     -2.69594     -2.69594
 Target:    0.0789583    0.4923945    0.8767278
 Joints:     -2.69594     -2.69594     -2.69594     -2.69594     -2.69594     -2.69594     -2.69594
 Target:   0.07218901    0.4923945    0.8785367
 Joints:     -2.69594     -2.69594     -2.69594     -2.69594     -2.69594     -2.69594     -2.69594
 Target:     0.065562    0.4923945     0.880527
 Joints:     -2.69594     -2.69594     -2.69594     -2.69594     -2.69594     -2.69594     -2.69594
 Target:   0.05909573    0.4923945     0.882944
 Joints:     -2.69594     -2.69594     -2.69594     -2.69594     -2.69594     -2.69594     -2.69594
 Target:   0.05302791    0.4923945    0.8857329
 Joints:     -2.69594     -2.69594     -2.69594     -2.69594     -2.69594     -2.69594     -2.69594
 Target:   0.04712953    0.4923945    0.8885366
 Joints:     -2.69594     -2.69594     -2.69594     -2.69594     -2.69594     -2.69594     -2.69594
 Target:    0.0415782    0.4923945    0.8918705
 Joints:     -2.69594     -2.69594     -2.69594     -2.69594     -2.69594     -2.69594     -2.69594
 Target:   0.03623821    0.4923945    0.8951795
 Joints:     -2.69594     -2.69594     -2.69594     -2.69594     -2.69594     -2.69594     -2.69594
 Target:   0.03089774    0.4923945    0.8988414
 Joints:     -2.69594     -2.69594     -2.69594     -2.69594     -2.69594     -2.69594     -2.69594
 Target:   0.02605313    0.4923945    0.9031329
 Joints:     -2.69594     -2.69594     -2.69594     -2.69594     -2.69594     -2.69594     -2.69594
 Target:   0.02159705    0.4923945    0.9072259
 Joints:     -2.69594     -2.69594     -2.69594     -2.69594     -2.69594     -2.69594     -2.69594
 Target:   0.01749857    0.4923945     0.911563
 Joints:     -2.69594     -2.69594     -2.69594     -2.69594     -2.69594     -2.69594     -2.69594
 Target:   0.01363799    0.4923945    0.9159542
 Joints:     -2.69594     -2.69594     -2.69594     -2.69594     -2.69594     -2.69594     -2.69594
 Target:   0.01019455    0.4923945    0.9206787
 Joints:     -2.69594     -2.69594     -2.69594     -2.69594     -2.69594     -2.69594     -2.69594
 Target:  0.007059633    0.4923945    0.9253159
 Joints:     -2.69594     -2.69594     -2.69594     -2.69594     -2.69594     -2.69594     -2.69594
 Target:  0.004234715    0.4923945    0.9301473
 Joints:     -2.69594     -2.69594     -2.69594     -2.69594     -2.69594     -2.69594     -2.69594
 Target:  0.001743081    0.4923945    0.9350972
 Joints:     -2.69594     -2.69594     -2.69594     -2.69594     -2.69594     -2.69594     -2.69594
 Target: -0.0004642807    0.4923945    0.9401303
 Joints:     -2.69594     -2.69594     -2.69594     -2.69594     -2.69594     -2.69594     -2.69594
 Target: -0.002266064    0.4923945    0.9453664
 Joints:     -2.69594     -2.69594     -2.69594     -2.69594     -2.69594     -2.69594     -2.69594
 Target:    -0.003726    0.4923945    0.9505144
 Joints:    -2.636271    -2.636271    -2.636271    -2.636271    -2.636271    -2.636271    -2.636271
 Target: -0.004842055    0.4923945    0.9556928
 Joints:    -2.636271    -2.636271    -2.636271    -2.636271    -2.636271    -2.636271    -2.636271
 Target: -0.005627814    0.4923945    0.9608866
 Joints:    -2.636271    -2.636271    -2.636271    -2.636271    -2.636271    -2.636271    -2.636271
 Target: -0.006033071    0.4923945    0.9661246
 Joints:    -2.636271    -2.636271    -2.636271    -2.636271    -2.636271    -2.636271    -2.636271
 Target: -0.006128614    0.4923945    0.9712392
 Joints:    -2.636271    -2.636271    -2.636271    -2.636271    -2.636271    -2.636271    -2.636271
 Target: -0.005874597    0.4923945    0.9763676
 Joints:    -2.636271    -2.636271    -2.636271    -2.636271    -2.636271    -2.636271    -2.636271
 Target: -0.005283759    0.4923945    0.9814403
 Joints:    -2.636271    -2.636271    -2.636271    -2.636271    -2.636271    -2.636271    -2.636271
 Target:  -0.00435846    0.4923945    0.9864423
 Joints:    -2.636271    -2.636271    -2.636271    -2.636271    -2.636271    -2.636271    -2.636271
 Target: -0.003110633    0.4923945    0.9913548
 Joints:    -2.636271    -2.636271    -2.636271    -2.636271    -2.636271    -2.636271    -2.636271
 Target: -0.001491497    0.4923945    0.9962498
